
> app@0.0.0 start D:\Projects\fleet7\app
> node app.js

[32minfo: [39m
[32minfo: [39m               .-..-.
[32minfo: [39m
[32minfo: [39m   Sails              <|    .-..-.
[32minfo: [39m   v0.12.14            |\
[32minfo: [39m                      /|.\
[32minfo: [39m                     / || \
[32minfo: [39m                   ,'  |'  \
[32minfo: [39m                .-'.-==|/_--'
[32minfo: [39m                `--'-------' 
[32minfo: [39m   __---___--___---___--___---___--___
[32minfo: [39m ____---___--___---___--___---___--___-__
[32minfo: [39m
[32minfo: [39mServer lifted in `D:\Projects\fleet7\app`
[32minfo: [39mTo see your app, visit http://localhost:1337
[32minfo: [39mTo shut down Sails, press <CTRL> + C at any time.
[37m[39m
[37m[39m
[32minfo: [39mInviteServiceStarted: fa2e4bc1-b833-4d88-86e1-418ac01b90d4
[32minfo: [39mInviteServiceEnded: fa2e4bc1-b833-4d88-86e1-418ac01b90d4
[32minfo: [39mPlaceShipsServiceStarted: fa2e4bc1-b833-4d88-86e1-418ac01b90d4
========= Ship position ==========
[ [ 9, 5 ], [ 9, 6 ], [ 9, 7 ] ]
========= Ship border position ==========
[ [ 9, 4 ],
  [ 10, 5 ],
  [ 10, 6 ],
  [ 10, 7 ],
  [ 9, 8 ],
  [ 8, 7 ],
  [ 8, 6 ],
  [ 8, 5 ] ]
========= Updated matrix ==========
[ [ 0, 0, 0, 0, 0, 0, 0, 0, 0, 0, 0, 0, 0, 0, 0, 0, 0, 0, 0, 0 ],
  [ 0, 0, 0, 0, 0, 0, 0, 0, 0, 0, 0, 0, 0, 0, 0, 0, 0, 0, 0, 0 ],
  [ 0, 0, 0, 0, 0, 0, 0, 0, 0, 0, 0, 0, 0, 0, 0, 0, 0, 0, 0, 0 ],
  [ 0, 0, 0, 0, 0, 0, 0, 0, 0, 0, 0, 0, 0, 0, 0, 0, 0, 0, 0, 0 ],
  [ 0, 0, 0, 0, 0, 0, 0, 0, 0, -3, 0, 0, 0, 0, 0, 0, 0, 0, 0, 0 ],
  [ 0, 0, 0, 0, 0, 0, 0, 0, -3, -2, -3, 0, 0, 0, 0, 0, 0, 0, 0, 0 ],
  [ 0, 0, 0, 0, 0, 0, 0, 0, -3, -2, -3, 0, 0, 0, 0, 0, 0, 0, 0, 0 ],
  [ 0, 0, 0, 0, 0, 0, 0, 0, -3, -2, -3, 0, 0, 0, 0, 0, 0, 0, 0, 0 ] ]
========= Ship position ==========
[ [ 6, 4 ], [ 6, 5 ], [ 5, 5 ], [ 5, 4 ] ]
========= Ship border position ==========
[ [ 6, 3 ],
  [ 7, 4 ],
  [ 7, 5 ],
  [ 6, 6 ],
  [ 5, 6 ],
  [ 4, 5 ],
  [ 4, 4 ],
  [ 5, 3 ] ]
========= Updated matrix ==========
[ [ 0, 0, 0, 0, 0, 0, 0, 0, 0, 0, 0, 0, 0, 0, 0, 0, 0, 0, 0, 0 ],
  [ 0, 0, 0, 0, 0, 0, 0, 0, 0, 0, 0, 0, 0, 0, 0, 0, 0, 0, 0, 0 ],
  [ 0, 0, 0, 0, 0, 0, 0, 0, 0, 0, 0, 0, 0, 0, 0, 0, 0, 0, 0, 0 ],
  [ 0, 0, 0, 0, 0, -3, -3, 0, 0, 0, 0, 0, 0, 0, 0, 0, 0, 0, 0, 0 ],
  [ 0, 0, 0, 0, -3, -2, -2, -3, 0, -3, 0, 0, 0, 0, 0, 0, 0, 0, 0, 0 ],
  [ 0, 0, 0, 0, -3, -2, -2, -3, -3, -2, -3, 0, 0, 0, 0, 0, 0, 0, 0, 0 ],
  [ 0, 0, 0, 0, 0, -3, -3, 0, -3, -2, -3, 0, 0, 0, 0, 0, 0, 0, 0, 0 ],
  [ 0, 0, 0, 0, 0, 0, 0, 0, -3, -2, -3, 0, 0, 0, 0, 0, 0, 0, 0, 0 ] ]
========= Ship position ==========
[ [ 12, 1 ], [ 12, 2 ], [ 12, 3 ], [ 12, 4 ], [ 11, 2 ] ]
========= Ship border position ==========
[ [ 12, 0 ],
  [ 13, 1 ],
  [ 13, 2 ],
  [ 13, 3 ],
  [ 13, 4 ],
  [ 12, 5 ],
  [ 11, 4 ],
  [ 11, 3 ],
  [ 11, 1 ] ]
========= Updated matrix ==========
[ [ 0, 0, 0, 0, 0, 0, 0, 0, 0, 0, 0, 0, -3, 0, 0, 0, 0, 0, 0, 0 ],
  [ 0, 0, 0, 0, 0, 0, 0, 0, 0, 0, 0, -3, -2, -3, 0, 0, 0, 0, 0, 0 ],
  [ 0, 0, 0, 0, 0, 0, 0, 0, 0, 0, 0, -2, -2, -3, 0, 0, 0, 0, 0, 0 ],
  [ 0, 0, 0, 0, 0, -3, -3, 0, 0, 0, 0, -3, -2, -3, 0, 0, 0, 0, 0, 0 ],
  [ 0, 0, 0, 0, -3, -2, -2, -3, 0, -3, 0, -3, -2, -3, 0, 0, 0, 0, 0, 0 ],
  [ 0, 0, 0, 0, -3, -2, -2, -3, -3, -2, -3, 0, -3, 0, 0, 0, 0, 0, 0, 0 ],
  [ 0, 0, 0, 0, 0, -3, -3, 0, -3, -2, -3, 0, 0, 0, 0, 0, 0, 0, 0, 0 ],
  [ 0, 0, 0, 0, 0, 0, 0, 0, -3, -2, -3, 0, 0, 0, 0, 0, 0, 0, 0, 0 ] ]
========= Ship position ==========
[ [ 10, 3 ], [ 10, 4 ], [ 10, 5 ], [ 10, 6 ], [ 9, 4 ] ]
========= Ship border position ==========
[ [ 10, 2 ],
  [ 11, 3 ],
  [ 11, 4 ],
  [ 11, 5 ],
  [ 11, 6 ],
  [ 10, 7 ],
  [ 9, 6 ],
  [ 9, 5 ],
  [ 9, 3 ] ]
========= Updated matrix ==========
[ [ 0, 0, 0, 0, 0, 0, 0, 0, 0, 0, 0, 0, -3, 0, 0, 0, 0, 0, 0, 0 ],
  [ 0, 0, 0, 0, 0, 0, 0, 0, 0, 0, 0, -3, -2, -3, 0, 0, 0, 0, 0, 0 ],
  [ 0, 0, 0, 0, 0, 0, 0, 0, 0, 0, -3, -2, -2, -3, 0, 0, 0, 0, 0, 0 ],
  [ 0, 0, 0, 0, 0, -3, -3, 0, 0, -3, -2, -3, -2, -3, 0, 0, 0, 0, 0, 0 ],
  [ 0, 0, 0, 0, -3, -2, -2, -3, 0, -2, -2, -3, -2, -3, 0, 0, 0, 0, 0, 0 ],
  [ 0, 0, 0, 0, -3, -2, -2, -3, -3, -2, -2, -3, -3, 0, 0, 0, 0, 0, 0, 0 ],
  [ 0, 0, 0, 0, 0, -3, -3, 0, -3, -2, -2, -3, 0, 0, 0, 0, 0, 0, 0, 0 ],
  [ 0, 0, 0, 0, 0, 0, 0, 0, -3, -2, -3, 0, 0, 0, 0, 0, 0, 0, 0, 0 ] ]
========= Ship position ==========
[ [ 8, 1 ], [ 8, 2 ] ]
========= Ship border position ==========
[ [ 8, 0 ], [ 9, 1 ], [ 9, 2 ], [ 8, 3 ], [ 7, 2 ], [ 7, 1 ] ]
========= Updated matrix ==========
[ [ 0, 0, 0, 0, 0, 0, 0, 0, -3, 0, 0, 0, -3, 0, 0, 0, 0, 0, 0, 0 ],
  [ 0, 0, 0, 0, 0, 0, 0, -3, -2, -3, 0, -3, -2, -3, 0, 0, 0, 0, 0, 0 ],
  [ 0, 0, 0, 0, 0, 0, 0, -3, -2, -3, -3, -2, -2, -3, 0, 0, 0, 0, 0, 0 ],
  [ 0, 0, 0, 0, 0, -3, -3, 0, -3, -3, -2, -3, -2, -3, 0, 0, 0, 0, 0, 0 ],
  [ 0, 0, 0, 0, -3, -2, -2, -3, 0, -2, -2, -3, -2, -3, 0, 0, 0, 0, 0, 0 ],
  [ 0, 0, 0, 0, -3, -2, -2, -3, -3, -2, -2, -3, -3, 0, 0, 0, 0, 0, 0, 0 ],
  [ 0, 0, 0, 0, 0, -3, -3, 0, -3, -2, -2, -3, 0, 0, 0, 0, 0, 0, 0, 0 ],
  [ 0, 0, 0, 0, 0, 0, 0, 0, -3, -2, -3, 0, 0, 0, 0, 0, 0, 0, 0, 0 ] ]
========= Ship position ==========
[ [ 8, 4 ], [ 8, 5 ], [ 8, 6 ], [ 8, 7 ] ]
========= Ship border position ==========
[ [ 8, 3 ],
  [ 9, 4 ],
  [ 9, 5 ],
  [ 9, 6 ],
  [ 9, 7 ],
  [ 8, 8 ],
  [ 7, 7 ],
  [ 7, 6 ],
  [ 7, 5 ],
  [ 7, 4 ] ]
========= Updated matrix ==========
[ [ 0, 0, 0, 0, 0, 0, 0, 0, -3, 0, 0, 0, -3, 0, 0, 0, 0, 0, 0, 0 ],
  [ 0, 0, 0, 0, 0, 0, 0, -3, -2, -3, 0, -3, -2, -3, 0, 0, 0, 0, 0, 0 ],
  [ 0, 0, 0, 0, 0, 0, 0, -3, -2, -3, -3, -2, -2, -3, 0, 0, 0, 0, 0, 0 ],
  [ 0, 0, 0, 0, 0, -3, -3, 0, -3, -3, -2, -3, -2, -3, 0, 0, 0, 0, 0, 0 ],
  [ 0, 0, 0, 0, -3, -2, -2, -3, -2, -2, -2, -3, -2, -3, 0, 0, 0, 0, 0, 0 ],
  [ 0, 0, 0, 0, -3, -2, -2, -3, -2, -2, -2, -3, -3, 0, 0, 0, 0, 0, 0, 0 ],
  [ 0, 0, 0, 0, 0, -3, -3, -3, -2, -2, -2, -3, 0, 0, 0, 0, 0, 0, 0, 0 ],
  [ 0, 0, 0, 0, 0, 0, 0, -3, -2, -2, -3, 0, 0, 0, 0, 0, 0, 0, 0, 0 ] ]
[32minfo: [39mPlaceShipsServiceEnded: fa2e4bc1-b833-4d88-86e1-418ac01b90d4
